"bioclim"	"gower"	"maha"	"maxent"
0.708333333333333	0.972222222222222	0.930555555555556	0.944444444444444
0.666666666666667	0.951388888888889	0.9375	1
0.729166666666667	0.895833333333333	0.909722222222222	0.986111111111111
0.833333333333333	0.9375	0.965277777777778	1
0.75	0.951388888888889	0.944444444444444	1
0.708333333333333	0.875	1	1
0.791666666666667	1	1	0.965277777777778
0.875	1	1	1
0.75	0.958333333333333	0.979166666666667	1
0.666666666666667	0.944444444444444	0.965277777777778	1
0.708333333333333	1	1	1
0.875	0.958333333333333	0.965277777777778	0.986111111111111
0.583333333333333	0.788194444444444	0.9375	0.951388888888889
0.875	0.958333333333333	0.986111111111111	1
0.590277777777778	0.850694444444444	0.881944444444444	0.986111111111111
0.833333333333333	0.979166666666667	0.930555555555556	0.9375
0.833333333333333	1	1	1
0.875	1	1	0.916666666666667
0.833333333333333	0.986111111111111	0.972222222222222	0.923611111111111
0.767361111111111	0.934027777777778	0.930555555555556	0.979166666666667
